14 x 8 = 112
112 / 3 = 38
38 + 11
49.0

0.  03B	 011	 
1.  12A	 100	 
2.  02A	 000
3.  02A	 000
4.  02A	 000
5.  02A	 000
6.  02A	 000
7.  02A	 000
8.  02A	 000
9.  02A	 000
10. 029  001	10000110	acknowledgment
11. 02A  000
12. 019  011
13. 03B  011	11000110
14. 02A  000
15. 11A  110
16. F1A  110	11010110
17. 129  101
18. F2A  100	01110110
19. 13B  111
20. 01B  011
21. 01B  011	11110110
22. F3A  110
23. F3A  110
24. 13B  111	11101110
25. 03B  011
26. F2A  100	00110110
27. 039  011
28. 01B  011
29. 03A  010	10100110
30. 12A  100
31. 11A  110
32. 029  001	00100110
33. 02B  001
34. 129  101	11100110
35. 11A  110
36. 019  011
37. 03A  010	10110110
38. F1A  110
39. 11A  110
40. F2B  101	10100110
41. 02B  001
42. 12A  100	01110110
43. 11B  111
44. 019  011
45. 02A  000	00101110
46. F29  101
47. 11A  110
48. 02A  000	000000
49. 02A  000